9999 16281676
9998 16531070
9997 16956016
9996 16178314
9995 16311027
9994 16494716
9993 16425716
9992 16367008
9991 16346731
9990 16221635
9989 16327076
9988 16335320
9987 16500640
9986 24700958
9985 28669006
9984 25685386
9983 16580326
9982 16328305
9981 16320688
9980 16167681
9979 16202988
9978 16463651
9977 20484648
9976 25387639
9975 27523984
9974 27397369
9973 29340693
9972 18857335
9971 16052695
9970 16379365
9969 15952634
9968 16226653
9967 16349719
9966 16356634
9965 16343068
9964 16335929
9963 16290332
9962 16498051
9961 16474367
9960 16185322
9959 16321298
9958 16470679
9957 16357033
9956 16323623
9955 16279653
9954 16400959
9953 16179015
9952 16175333
9951 16369773
9950 16454702
9949 16270920
9948 16323626
9947 16178075
9946 16560435
9945 16062239
9944 16193707
9943 16329983
9942 15991357
9941 16370314
9940 15749349
9939 16366611
9938 18515299
9937 16191361
9936 16069365
9935 16273027
9934 16583370
9933 16156636
9932 16318715
9931 16362261
9930 16091313
9929 16163338
9928 16054341
9927 16542952
9926 16365258
9925 16190975
9924 16419703
9923 16338984
9922 16229338
9921 16370664
9920 16117951
9919 16108275
9918 16185009
9917 16207624
9916 17903684
9915 16351982
9914 16480349
9913 16342619
9912 16064689
9911 16084979
9910 16320686
9909 18402272
9908 16245365
9907 16210972
9906 16219354
9905 16159035
9904 16147017
9903 16196974
9902 16482982
9901 16527623
