9999 16078979
9998 17034939
9997 16426993
9996 15944703
9995 15924008
9994 16252322
9993 16296979
9992 16106027
9991 16146941
9990 16044750
9989 16102343
9988 16186699
9987 16141386
9986 17802673
9985 16037380
9984 15935355
9983 16071653
9982 16218664
9981 16126028
9980 16161739
9979 17322227
9978 16373645
9977 16073411
9976 16121024
9975 15877001
9974 16395653
9973 16143552
9972 16090036
9971 16084059
9970 16256069
9969 16153389
9968 17788008
9967 16946362
9966 16216302
9965 16044663
9964 16118982
9963 16022976
9962 16257648
9961 15838260
9960 15746278
9959 15932692
9958 16478433
9957 16136318
9956 23248978
9955 29191991
9954 27133612
9953 31097302
9952 31183616
9951 28953346
9950 28092333
9949 28540055
9948 28161685
9947 34085985
9946 27395637
9945 19647990
9944 28739309
9943 22844023
9942 16461670
9941 16268344
9940 16569642
9939 16716395
9938 16494700
9937 15981317
9936 15906381
9935 15768719
9934 16456646
9933 15853713
9932 16281258
9931 16313980
9930 16305588
9929 16134053
9928 16295004
9927 16132984
9926 16350670
9925 16092649
9924 16281690
9923 16217040
9922 16261990
9921 16349909
9920 16074670
9919 16045261
9918 16154046
9917 16368341
9916 16154024
9915 16218982
9914 17199307
9913 16884005
9912 15981075
9911 16038065
9910 16903612
9909 16226695
9908 16383614
9907 16162639
9906 16266700
9905 16118444
9904 16221716
9903 16224720
9902 16474731
9901 16180336
