9999 17804975
9998 19400631
9997 17531011
9996 17187415
9995 17599333
9994 17489442
9993 17658992
9992 17535619
9991 17495011
9990 17233642
9989 17547969
9988 17373292
9987 17694275
9986 17618003
9985 17625732
9984 17178345
9983 17521312
9982 17302263
9981 17591973
9980 17448419
9979 17298013
9978 17420369
9977 17406405
9976 17413003
9975 17043948
9974 17676662
9973 17668598
9972 17343993
9971 17489408
9970 17553011
9969 19441021
9968 17244279
9967 17595662
9966 17412003
9965 17655241
9964 19781037
9963 17415343
9962 19234660
9961 17488106
9960 17198015
9959 17515972
9958 17498054
9957 17710670
9956 17452625
9955 17487335
9954 17272328
9953 17375287
9952 17362356
9951 17491992
9950 17546370
9949 17538697
9948 17456333
9947 17438330
9946 18952335
9945 17188961
9944 17245043
9943 17525066
9942 17630073
9941 17562972
9940 17180983
9939 17684019
9938 17571386
9937 17571048
9936 16906698
9935 23452266
9934 17211343
9933 19017961
9932 17247650
9931 17501314
9930 17308653
9929 17504366
9928 17068346
9927 17281009
9926 17237410
9925 17194001
9924 17581056
9923 17484681
9922 17297314
9921 17579650
9920 17110066
9919 17291291
9918 17189018
9917 17425023
9916 17185999
9915 17433024
9914 17399370
9913 17324989
9912 17862373
9911 17297970
9910 17358280
9909 17299985
9908 17316990
9907 17508711
9906 17402958
9905 17513048
9904 17188635
9903 17370686
9902 17385605
9901 17198629
