9999 17177609
9998 16375050
9997 17632634
9996 16435739
9995 16192668
9994 16377693
9993 17154365
9992 16267366
9991 16228062
9990 16088325
9989 16233908
9988 16300279
9987 16352935
9986 16572058
9985 16298692
9984 16088621
9983 16285315
9982 18113574
9981 16288628
9980 16242704
9979 16174300
9978 16396689
9977 16256082
9976 16198020
9975 16051275
9974 16505255
9973 16193356
9972 16142678
9971 16245359
9970 16872002
9969 16400995
9968 16119992
9967 16173903
9966 16303701
9965 16222647
9964 21705020
9963 17620690
9962 16409680
9961 16212959
9960 16000392
9959 16261343
9958 16337650
9957 16352708
9956 16199940
9955 16070006
9954 16107718
9953 16578359
9952 16265043
9951 28582298
9950 25953035
9949 18264265
9948 16210354
9947 15995993
9946 16292357
9945 15860394
9944 16114355
9943 16191642
9942 16382677
9941 16170955
9940 16007340
9939 16345253
9938 16286616
9937 17004671
9936 19142564
9935 16229625
9934 16455966
9933 16020070
9932 15948014
9931 16014973
9930 15857707
9929 16217385
9928 15715699
9927 16137975
9926 16251074
9925 22794958
9924 16239953
9923 16043369
9922 16222336
9921 16190341
9920 18597322
9919 28684273
9918 27772627
9917 28957717
9916 16130637
9915 16271723
9914 16418975
9913 16141702
9912 15978332
9911 16043051
9910 16266350
9909 23687290
9908 29143350
9907 28393666
9906 23711369
9905 16104644
9904 16191932
9903 16233673
9902 16381664
9901 16286963
