9999 24012362
9998 23100646
9997 19234621
9996 18020261
9995 19074732
9994 18913352
9993 19082299
9992 22514659
9991 31347299
9990 17824008
9989 19258315
9988 18559897
9987 19065727
9986 19016980
9985 19174396
9984 17884014
9983 19560594
9982 18423350
9981 20439945
9980 18396086
9979 19425592
9978 18473977
9977 19374314
9976 18566349
9975 18032942
9974 19028044
9973 19503315
9972 17981322
9971 19078915
9970 18898317
9969 18911284
9968 18207647
9967 19544029
9966 18241693
9965 19175685
9964 18694284
9963 18801016
9962 29040998
9961 30524021
9960 32579738
9959 29059769
9958 18798328
9957 19015669
9956 18660930
9955 18788350
9954 17850709
9953 21582939
9952 27415635
9951 31104665
9950 20439042
9949 19570332
9948 18263961
9947 19049974
9946 19870674
9945 18241716
9944 18536312
9943 19632989
9942 18645046
9941 19669025
9940 18015643
9939 19172663
9938 18981967
9937 19539673
9936 21633975
9935 19138951
9934 19082930
9933 18393586
9932 18571326
9931 19611689
9930 20762964
9929 32142667
9928 23519570
9927 18930408
9926 18892005
9925 27182996
9924 18161583
9923 19543019
9922 18626338
9921 22156979
9920 18182306
9919 19033348
9918 18144960
9917 19550904
9916 18692009
9915 18771665
9914 19071007
9913 19469962
9912 17848001
9911 19170057
9910 18662338
9909 19792670
9908 18832716
9907 19619262
9906 18287296
9905 18862250
9904 18491297
9903 20355648
9902 18931956
9901 20366704
