9999 16024073
9998 16232727
9997 15998653
9996 18374350
9995 16002326
9994 16213323
9993 16107991
9992 16064646
9991 16068692
9990 15883314
9989 15947279
9988 16060658
9987 16178344
9986 16168384
9985 16091660
9984 15820712
9983 16065012
9982 15959030
9981 16003008
9980 16081320
9979 16053036
9978 16207950
9977 16023673
9976 15978992
9975 15856321
9974 15870051
9973 16050351
9972 15687010
9971 15898725
9970 15959336
9969 16660624
9968 15846332
9967 15990643
9966 16014962
9965 16015324
9964 16004676
9963 16031717
9962 16140668
9961 16070727
9960 15823318
9959 16026633
9958 16167692
9957 16189666
9956 16045098
9955 15875735
9954 15940344
9953 15953952
9952 16027712
9951 16177632
9950 16083640
9949 15883666
9948 15975087
9947 15892675
9946 16468036
9945 15939648
9944 15992261
9943 16211076
9942 16292707
9941 16625084
9940 16137984
9939 16364688
9938 16423030
9937 16121639
9936 15742329
9935 16186315
9934 16567713
9933 16187033
9932 16246358
9931 16400709
9930 16262922
9929 16142254
9928 16136658
9927 16214981
9926 16384343
9925 16181283
9924 16282711
9923 16023045
9922 16296735
9921 16316618
9920 16114286
9919 16197383
9918 16058237
9917 16174364
9916 16135351
9915 16432635
9914 16405955
9913 16158312
9912 16046913
9911 16029640
9910 16310371
9909 16204338
9908 16304412
9907 16259269
9906 16260320
9905 16077600
9904 16124670
9903 16354318
9902 16334945
9901 16227036
