9999 16278967
9998 16660662
9997 16401614
9996 16281272
9995 16391679
9994 16576971
9993 16276715
9992 16320002
9991 17711677
9990 16588224
9989 16473029
9988 16419956
9987 16520960
9986 16654393
9985 16344705
9984 16218302
9983 16251674
9982 16425903
9981 16410724
9980 16379054
9979 16311301
9978 16596979
9977 16289044
9976 16276657
9975 16160629
9974 16524041
9973 16337016
9972 16306940
9971 16280628
9970 16494395
9969 16426008
9968 16182351
9967 16278339
9966 16174676
9965 16047035
9964 16338031
9963 16137360
9962 16399311
9961 30912704
9960 16193372
9959 16222020
9958 16442655
9957 16330591
9956 16299649
9955 16169325
9954 16127949
9953 16193694
9952 16230270
9951 16292325
9950 16294365
9949 16265365
9948 16503061
9947 16059018
9946 16460326
9945 15949617
9944 16109723
9943 16195288
9942 16400679
9941 16045992
9940 15901063
9939 16148981
9938 15973362
9937 16178964
9936 15959674
9935 17170940
9934 16392689
9933 15824795
9932 16197082
9931 16218634
9930 16258658
9929 16153675
9928 16078723
9927 16134378
9926 16368714
9925 16148012
9924 16226294
9923 20417997
9922 24916002
9921 16230316
9920 15988954
9919 15941352
9918 17535356
9917 15991045
9916 18750601
9915 25942048
9914 22733329
9913 16109614
9912 15947696
9911 15977633
9910 16313034
9909 16165345
9908 16202612
9907 16252599
9906 16187620
9905 15971299
9904 16227364
9903 16200356
9902 16331912
9901 16089027
