9999 21764135
9998 18278337
9997 16375955
9996 16235027
9995 16383018
9994 16455060
9993 16493667
9992 16293379
9991 16249360
9990 16620618
9989 16256960
9988 16247318
9987 16279313
9986 16453270
9985 16271662
9984 16292691
9983 27546348
9982 31850949
9981 29976357
9980 16472331
9979 15621688
9978 20441306
9977 16077971
9976 15921935
9975 15921999
9974 16700731
9973 17531004
9972 16204351
9971 16228339
9970 16416347
9969 19074699
9968 23144018
9967 16240042
9966 16339951
9965 16186655
9964 16192072
9963 16288054
9962 16449366
9961 16181289
9960 16075039
9959 18403691
9958 23865725
9957 16328311
9956 16179000
9955 16215006
9954 16157946
9953 16184656
9952 16308745
9951 16320442
9950 16271986
9949 16191761
9948 16426709
9947 16050289
9946 16347966
9945 15474005
9944 16097997
9943 16166316
9942 16364673
9941 16184268
9940 19479031
9939 30212310
9938 25745356
9937 16147296
9936 16002039
9935 16278959
9934 16404341
9933 16162724
9932 16145334
9931 16118681
9930 16286383
9929 16666636
9928 16082274
9927 16124321
9926 16321947
9925 15982008
9924 16224271
9923 16229600
9922 16503377
9921 16266610
9920 15997987
9919 16115695
9918 15951318
9917 16177305
9916 16219350
9915 16238679
9914 16342040
9913 16163420
9912 16048704
9911 16010058
9910 16298653
9909 16125996
9908 18483339
9907 16168953
9906 16145999
9905 16120634
9904 16221645
9903 16190749
9902 16439370
9901 16102275
