9999 16262303
9998 16634301
9997 16365973
9996 16296634
9995 16405303
9994 16566645
9993 16537739
9992 16367282
9991 16356971
9990 16189326
9989 16504711
9988 16786718
9987 16518656
9986 16610016
9985 16443287
9984 16252936
9983 16366324
9982 16897296
9981 16400282
9980 16354014
9979 16307710
9978 16497034
9977 16364638
9976 16360666
9975 16221654
9974 16608008
9973 16252308
9972 16367328
9971 16666020
9970 20630927
9969 16466377
9968 16205634
9967 16405301
9966 16440377
9965 16228388
9964 16352306
9963 16332014
9962 16459984
9961 16198702
9960 16116016
9959 16222025
9958 16408630
9957 16414030
9956 16291660
9955 16340702
9954 16258966
9953 16310618
9952 16314026
9951 16386608
9950 16397307
9949 16387393
9948 16522686
9947 16187309
9946 16624974
9945 16083952
9944 16181906
9943 16279075
9942 16481669
9941 16442072
9940 16163953
9939 16426630
9938 16500695
9937 16266695
9936 16112038
9935 16603315
9934 16430018
9933 16152024
9932 16341012
9931 16414039
9930 16305700
9929 16280325
9928 16180643
9927 16298896
9926 16375224
9925 16204035
9924 18662296
9923 19474077
9922 16424274
9921 16522360
9920 16124381
9919 16226022
9918 16324743
9917 16333301
9916 16332296
9915 16409012
9914 16735683
9913 16280284
9912 16089406
9911 16278981
9910 16494331
9909 16464656
9908 16405680
9907 16417279
9906 16402330
9905 16199646
9904 16251584
9903 16392926
9902 16508978
9901 16370682
